0.442963682946644
6.40392469055676E-06
2.66137233333798E-10
0.197776549880542
0.999999988786728
1.57325905775889E-07
1.57325905775889E-07
0.548837759231021
1
1
0.758325363276137
0.996573976613525
0.913590759918608
9.86946974532099E-10
1
1
1
0
2.45593415130742E-28
0.999807572792991
0
1
0.138438443764172
1
7.56814485821917E-10
1
3.21658112337603E-12
3.21658112337601E-12
0.0622710146621816
1
5.08173680610866E-24
1
1
1
1
1
1
1
1
1
1
0.990597450849001
3.92522889318228E-07
1.24594636121961E-07
7.35546050344629E-06
1
0.0269867457015042
0.999999999999992
1.12909269518493E-09
1
0.999999999999992
7.95919179739688E-07
2.61069100848347E-07
9.97490778344714E-13
1
1
1
3.80308434218031E-10
0.00385334247574652
1.37556043401472E-07
5.5091261012982E-07
1.09924577071545E-07
1
0.666739385047485
0.00015805165235256
0.979207675220116
1
0.581598549851353
0.995956861444307
0.3653915804934
0.979665347976099
0.999714349432488
4.16404061521522E-08
0.999999999985812
0.0211674579309265
0.965982712597557
0.991872570626462
0.000187900902746181
0.972705582158199
0.999364558050338
0.973721433078913
0.991187969778735
1.37556043401472E-07
0.999999999999999
1
0.956888637823959
5.88017184848333E-08
1
0.76156271043268
0.956888637823959
0.94784936416853
1
0.97916418829287
0.99768236907261
0.0838730994500159
0.973828606745903
0.988908099746265
0.998211275651838
0.355544262114913
0.992863733021876
0.0768526137303569
0.0770672508001883
0.990270956392588
1
0.997092237178551
0.998208571333936
0.308818529392688
0.28843480144823
0
0.619663443280866
0.983351934069962
0.999995920359763
0.982630625132274
0.884704615504309
0.170758333072402
0
0.892754192040789
0.00211517713570366
0.00829094658830014
0.824312751446743
0.000271792513284248
0.99570667224607
0.457661342936917
0.979197611503574
7.34821976571403E-05
0.977597743659295
0.0470913828171063
0.0105384017141776
0.0105384017141776
3.33366242058809E-10
0.961176164507139
0.991307109428923
7.40272196060777E-05
7.40272196060777E-05
0.998278869427979
0
1
0.999999371029353
0.997052046152818
0.998121287835993
0.889484527319242
1
0
1
0
1
2.77350221937713E-18
2.77350221937713E-18
1
1
0
0.000332640065239839
1
0.993519136112481
0.997813996430853
1
1
1
1
1
1
0
1
1
1
1
0
0.259317723638486
1
1
0.999598303364413
0.997372380025832
1
0.999999997254008
1
0.450705206157861
1
1
1
1
1
0.999999999390152
0.997300244247209
1
2.13794677414801E-06
0.999999999997458
1
2.03098629277964E-10
1.2040555263713E-10
0.998458415775027
1
1
0.000475964625312027
0.786801064404839
1
1
0.999950581491458
0.932059445826406
0.84456791559865
0
0.689890648739403
1
1.88562770409952E-08
0.9999969020377
1
1
3.24499807413812E-20
0.84456791559865
0.00273041498549252
0.738708917166683
0.758878560725934
0.999921468523117
0.999956275276922
0.999987781759485
0.00165026775949436
0.2355951000742
0.999806825951366
5.04676153575475E-11
9.15456852042491E-19
3.20813130065341E-17
0.993705789755139
8.48390001677429E-18
3.31723365478072E-10
6.47322339525614E-10
3.24499807413812E-20
2.25872350604974E-10
0.983926322178765
5.42480037823086E-11
8.13421471539353E-18
1.11190476854315E-12
1
2.35961328350554E-08
4.12716646114779E-08
4.12716646114779E-08
1
7.23847808887956E-08
2.36521597826137E-07
1.3667320700769E-08
2.62918247016531E-08
3.47282475410313E-08
1
1
1
1
1
1
1
1
1
0.998145719405323
0.985524051366172
1
0.981756250074813
0.735844193435663
0.42620116566001
0.982047695086946
1
1
0.914158833892444
0.379964830177128
1
0.758991585958297
0.637799201530734
0.526537148191241
0.898220504124687
0.488196377393537
0
1
1
0.999062805662858
0.999999082727078
1
1
0.999992044427293
0.999428351246525
1
1
1
1
1
1
0.219156714377959
0.944069364699047
1
1
1
1
1
7.09691119225364E-17
1
1
1
0.99996851664544
0.999049593490476
1
0.908766836457527
0.000121772053798074
4.08461530755909E-05
1
8.45342056868947E-18
6.9121822600387E-06
5.98321034281504E-10
1
1
1
0.999999998050431
5.19655339924911E-18
1
1.62464583168737E-15
0.702310774102717
1.79711853192009E-12
0.000384353180308544
0.846224550524371
1.34640659709987E-16
1
5.69152409008792E-18
1.12221741966564E-17
8.31908381759383E-16
1
1.5829558211951E-12
3.71743526941402E-18
1.05207085735317E-16
7.55332923227912E-17
5.6109607539633E-15
0
2.29531223085464E-14
1.35233785183309E-16
2.73858597204736E-15
5.38592447488894E-15
1.66942062590735E-11
2.66398104133827E-11
3.0384977881868E-13
1.60092084493892E-15
2.73858597204736E-15
1.62464583168737E-15
1.58619913877862E-16
1.11520134020232E-16
0.0259051493934376
3.88614096154308E-16
5.56365895465866E-14
1
1
5.52912845371666E-09
0.999999982341698
1
1
1
1
1
1
0.999999998851449
0
1
0.506569264731979
0.464979234954284
1
0.82545683742154
0.999999999763202
0.0442888874366288
1.36393596125966E-12
1
1
1
1
1
1
1
1
1.42278140218362E-10
0.0779982577711177
0.999999867819517
1
0.000129994117562837
1
1
1
0.982393868770133
0.99881926074408
0.00044584104589927
1
1
1
1
1
0.945199164858688
0.0650369445848863
0.998377168955884
0.00044584104589927
0.00044584104589927
0.999669347116119
0.999999999095636
0.975860129156436
1
1
1.8554057827942E-08
0.99999999999956
0.0494629843578469
0.0440975284239664
0.999897761670804
1
1
0.999998918661256
0.999998918661256
0.99999850157408
0.999999994957953
1
1
0.999999996800867
1
0
0.98519115515629
0.98519115515629
0.98519115515629
0.98519115515629
0.999999999999994
0.999999999999994
1
0.999951709419868
0.999361164980674
1
1
1
0.997853830441174
0.999798664727403
1
1
1
1
0.000196200079484001
0.476282877396046
0.358832647222722
0.288599474308921
1.92761870108863E-06
0.550460354401631
0.24078234643728
0.77873922014709
1
0.104792722763911
0.768350237570518
1.60007429578466E-13
0.845303503781954
0.49953620675896
1
0.0879634672459753
0.994941736031712
0.0659089863674715
0.278640887325012
1
0.988105161423594
0.616721384086096
0.145283878024247
0.958192884339906
0.55391029193705
0.0606779564446568
0.65967031667331
0.702575475778905
0.417447014402258
0.82447920420453
0.600644454925947
0.99390270604561
0.278518916040371
1
0
0.712783508725781
0.593340636912838
0.314964806568733
0.20115525490904
0.81217015959652
1
0.0603720924333377
0.999999999999992
0.934792333432802
0.945979711221054
0.00182670647660255
0.999996450866574
0.99999995568702
0.99999995568702
0.999993872565772
0.999993872565772
0.999993872565772
0.999993872565772
0.965068834559278
1
0.00857951593170464
0.00252434957413765
1
1
0.00839783875131283
0.999998334102863
1
0.34245086464142
1
1
1
1
1
1
1
1
1
1.96841944076608E-21
1
0.463800231487032
1
1
1
4.36093492649315E-08
0.999999999999913
0.999999999985812
1
1
1
1
1
1
1
7.74080366253296E-05
1
1
3.83199978483012E-21
0.581247520947863
0.718269301029505
1
1
0.0151728627243973
1
1
1
1
1
3.58482873680288E-20
1.44136919623975E-10
2.03962500770069E-12
1.21043609633981E-09
4.75675141340872E-19
1.32534192161817E-13
1
1.70353312004372E-12
4.73750132458439E-34
0.999991478986472
5.05828216912179E-16
7.85542232037291E-14
9.12916404367891E-30
0.999999999999827
1
1
1
1
1
1
1
1
1
0.992011616790996
0.999999993938798
1
1
0.999999883756967
1
1
1
1
1
1
1
1
0
1
1
1
1
1
1
1
0.99582459197809
1
1
0.842560861906378
0.999999999999976
1
1
0.999999999999976
0.999156277199572
1
1
1
0.999980918283535
0.997167142534091
0.999999999999988
0.999999896083898
0.984490685475562
0.999999486240456
0.999999972661731
0.983414967508451
1
0.999999999999989
1
0.999998165166715
0.960179862369266
0.999999297446948
0.999996788305207
0.995084195529098
0.999999998171544
0.999999912114287
0.999999963630713
1.3484515386542E-12
1
6.32489255307834E-05
0.994894925678669
0.999999893183676
0.999999893183676
0.999999893183676
0.999999893183676
1.32108061159647E-16
0
0.00413753216542805
0.00466139020744804
1
1.32108061159646E-16
1.32108061159646E-16
1
0.979231673443655
0.999997618474796
0.998568326564991
0.987958382734442
0.999999966639506
0.0842363258715929
1
1
1
0.00134996386148754
1
0.859292705080629
0.000131948900334509
0.000131948900334509
0.00078236868233559
0.291081262563792
1
1
2.52137924567565E-24
1
1
1
1
1
1
1
0.386202492909916
1
0.999989976079999
0.420425419645543
2.52137924567565E-24
5.54890298278419E-13
1
0.999999999999905
1
1
0.898618410642966
0.0174417546271938
1
1
1
1
0.714659671697329
0.783096684356137
1
1
1
3.67966452939572E-11
0.999999906827734
0.999999906827734
0
0.16556651995743
0.0207356294308569
0.0267807352001802
0
0.00156926687112423
0.00525925175734533
7.57482824373013E-06
0.401867514428633
0.00535687853649116
7.29205344432836E-05
7.29205344432836E-05
1
1
4.31492447664144E-16
1
3.87597966858884E-07
1
6.30233192165881E-12
9.23304225436691E-13
1
9.23304225436691E-13
1
1
1
1
1.80477152358822E-06
1
1
1
1
1
1
1
1
0.648234339042106
1
0.297228615046364
1
0.405151957198366
7.6555673962659E-11
3.32589966197587E-17
0.204954756086216
0.157870531229459
2.07218150811056E-18
0.667228668722385
0.999949106825666
1
0.0114162125514938
0.999987422872299
1
1
1
1
1
1
0.999999803987982
1
1
0.00624648227415058
0.00886821814077645
0.999998480915433
2.44498661492201E-24
1.62686924404155E-26
2.02505365092905E-28
0.49354396784975
8.84586107497739E-18
1
1
0.999817142366947
0.999939544993719
1
0.999999999992876
1
1
1
0.000966646598644722
1
6.75104423073701E-14
1.74623142872921E-13
7.49870757664753E-14
1
1
0.994779921997168
1
1
1
1
1
0.777406007727528
1
0.999978182239085
1
3.23307610149493E-05
1
1
1
0.986581912527596
0.942699331880041
1
9.42993177968547E-05
0.999999999995827
1
0.999148017154663
1
1
1
1
1
1
1
1
1
0
5.90281420715862E-06
2.24564392831606E-08
1.25890136970485E-08
1.27310614288606E-08
1
0.994545228206624
0.994103659150476
1
1
1
1
1
1
1
1
0
2.12047378966003E-09
1
2.12047378966003E-09
1.12281149838775E-10
1
1
1.67289965197307E-07
1
1
1
0.999992685691968
1
0.999999999644987
1
1
0
1
1
1
1
1
1
0.999999998685633
0.155611787502359
0.0919338525533024
0.019963962782692
7.03535803940269E-06
2.09121146721782E-06
0.00240492536513885
1
0.00240492536513885
0
1
1
0.0207538942842999
1
1.67699643773493E-12
0.999966651211253
1
8.50712831966151E-06
0.999999973042543
1
1
1
1
0
0.00047839862805652
0.261830758138676
8.02234513806861E-05
1
0.124269906859841
9.37188359794821E-12
0.000271259099519502
3.02696650685642E-07
0.100225606335711
0.000472793898058472
0.0173043706105581
0.0159972072959004
0.745442866565605
0.745442866565605
1
0.998971402481643
1
0.999999999766308
0.999999969986911
1
1
1
1
0.99999995303668
1
1
1
1
0.999999948920111
0.999999974286077
0.999999998680246
1
1
1
1
1
1
0.909762553935851
0.997143662059266
0.997143662059266
0.999835430767191
1
1
0.998128927256368
1
1
0
1
0.998577017828443
1
1
0.999999999999645
1
1
1
1
1
1
1
1
0.999999999951406
0.999999999987141
0.991941555156323
1
1
1
1
1
1
1
0.999999538301351
1
1
1
1
1
1
0.999999999991638
0.999998916546519
1
1
1
1
1
1
1
0
0.993612551596921
1
1
1
1
1
0.998970817927383
0.999999995117587
1
3.92958051153653E-48
4.76781028048455E-45
4.76781028048455E-45
2.80125754648488E-44
2.26610928935194E-43
2.80125754648488E-44
2.80125754648488E-44
4.26407205001909E-46
4.26407205001909E-46
1
1
0
0.999998463900108
0.999819570978401
0.978922283094725
1
0.0433611132641506
1
1
1
0.999999999995816
4.90780632847315E-07
4.90780632847315E-07
1
1
1
1
1
1
0.999999999998715
0.999999999999999
1
0.999999999999655
0.999999900712042
0.999999761639099
1
1
0.999999999871762
0.644421564225272
0.999999999930404
0.708981696098353
0.708981696098353
0.998167737235575
0.998167737235575
0.99999999999993
0.999997531643795
1
1
0
1
0
0.999493106135474
0.9999999999999
0
0.999999999879845
0.38894021513338
0.99999997061585
1
0.999999999999607
0.999999999929322
1.33816242896151E-07
1.13721718719339E-09
1.56885428778872E-09
1
0.859505241901108
1
0.999999584878961
1
1
0.999999814030455
1
1
0.999999814030455
0.9999999742875
1
1
1
0.998452773167343
0
1
1
1
0.99862084221239
1
0.996792521611071
0.984171426685428
0.000597171055135382
0.332525084446116
0.999999999999847
1
0.999999999999847
0.999999999999977
1
1
1
1
0.999999999999998
1
0.997578962083729
0.985316223090574
0.998578259272351
1
1
0.997491595187256
0.999699538687855
0.996193969385927
1
1
0.999999980424674
0.985316223090574
0.99999988722079
0.995917797695025
0.994190757388262
0.999542471989202
0.99447930728356
0.418842188294102
0.418842188294102
1
1
1
1
0.999999999835737
1
0.999406633618771
3.75153316937569E-08
5.24289958227255E-05
1
0.92371123897035
1
0.0532511633871397
1
1
1
1
1
1
1
0.999999999999837
1
8.29722094437152E-17
0.999999999999983
3.08085610335301E-17
0.999999999999952
0.131548052149262
1
1
1
1
1
1
1
1.14578866249172E-05
0.0236105781212813
1
0.999999999999988
1
0.00520258190047295
1
1
0
1
1
1
1
1
1
0.99969450780767
0.000247335673136539
0
1
1
0.000315991662444998
1
0.00126434806834454
1
0.000315991662444998
1
0
0.0057541973999297
0.000119793123814517
0.999963204919276
1
1
1
1
0.999999999999822
0.999999985000241
1
1
1
1
1
1
1
1
1
1
1
1
0.999999994938811
1
1
1
0
1
0
0.999999999245148
1.3182839462481E-08
0.996448165583357
1
1
8.47502216341061E-07
0.999813948872851
1
1
0.999999998203886
0.999009362642246
0.999426878994844
0.999426878994844
0.999426878994844
0.999009362642246
0.998290930514243
0.998290930514243
0.999259510539317
0.995050072460651
0.985728400600418
1
1
1
1
1
1
1
1
1
1
1
1
1
1
1
1
1
0.999999999995001
0.973335081373455
1
1
0.987696339832346
1
0.999999999925878
1
3.28725777194032E-05
9.25212714956295E-07
9.25212714956295E-07
0.864576011371328
7.46586636949624E-08
1
0.997171082649331
1
1
1
2.73339326035822E-07
1
1
1
1
1
6.59942347820982E-08
1
1
1
0
1
1
1
1
1
1
1
0.993666305648898
0.999989387576724
0.00223814021718215
0.999049593490476
0.380632217460971
0.99768902185536
0.0525679528272121
0.568197335634002
0.99931923958194
1
0.995311759829797
0.999999916914664
1
0.028116955757616
0.063115240202169
1
1
1
0
0.997577657645571
1
1
0.999999999921371
1
1
1
0.99999990764894
1
1
0.000164411934335052
1
1
1
1
1
1
1
1
0.99093900690089
1
1
1
1
1
1
2.6064458008023E-05
1
1
1
1
1
1
1
0
1
1.51151488979623E-08
1
4.54806476198014E-05
3.04235419132008E-05
1
1
1
1
3.33703430515547E-05
0.000372036221071917
1
1
1
1
1
1
0
0.999852902259703
0.999996460805567
1
1
1
0
1
1
0.999998712152339
1
1
1
1
1.18478612204092E-07
1
0.324838912126899
1
1
1
1
0.999999405219542
1
0.820317855071048
1
0.999999999999609
1
1
1
0.0503307224966161
1
1
1
0.00238387034631108
0.999001329780158
0.999999803301284
0.296091930432267
1
1
1
1
0.866879638801179
1
1
0.839400387697324
1
1
1
1
1
0.999986243197229
0.999999998924379
0.999999999999989
1
1
4.3960549392277E-24
1
0.999997686573732
1
0.000537617400942185
0.23228814744805
0.999886244287884
0.999999999999988
1
1
0.999999999999982
0.999999999820315
0.999955248628385
0.0193065269267159
1
1
0.999999997752749
0.0193065269267159
1
1
1
1
1
1
1
1
1
1.13189662137187E-24
1
1
1
1
1
1
1
1
1
3.97008219040209E-24
1
1
1
1
1
0.840899604051589
1
1
1
0
1
1
1
1
0.999998785310816
0.999962004532043
0.976918470310461
1
1
1
1
1
1
1
0.993054949341874
0.999948219338411
0.999948219338411
1
1
1
1
1
1
1
0.997801941064831
1
0.999964106881538
1
1
1
1
1
1
1
1
0.187614669837848
1
1
1
0.999446743147231
1
1
1
1
1
1
1
1
1
1
1
1
1
1
1
1
1
1
1
1
1
1
1
1
1
1
1
1
1
1
0.999984444360024
1
1
0.664547817351677
1
1
1
1
0.00522537130489805
0.999999999999964
1
1
0.000978747448821522
1
1
0.999999058857231
0.999999993012447
0.999999947210987
1
1
1
0.999999999907133
0.653637334743437
0.943687308160576
0.158663966496595
0.226564293960255
1
0.999999999633733
1
1
2.97922206849515E-12
1
1
0.99999949371021
0.999999999565893
0.999999999999989
1.07377304564523E-36
3.15092719045002E-32
1
1
1
1
1
0.996707326593834
0.999999998797816
0.999999998845642
1
1
1
1
0.999999997081675
1
0.999999997818425
0.999999995050882
1
1
0.999999998013891
0.999999998013891
0.999999998013891
0
0.999999998867375
0.999999999857174
0.999999998512972
0.999999998512972
1
0.99999832492416
1
1
1
1
1
1
0.999999999995213
1
1
0.994460765118203
1
0.936930520294777
1
0.993744684826082
1
1
1
1
0.00460172550951653
0.00203905977256846
0.987019476231797
0.697319862705568
0.990695662955738
1
0
1
0.701313495325488
1
1
0.999833401487349
1
1
1
0.999999999999336
1
1
1
1
1
1
0.701313495325488
1
1
0
0.999864230063542
1.65143887162108E-08
0
0.999999604860359
0.999942122148764
0.665843776653542
1
0.999999999999999
0.999999999999999
1
0.999242902135773
1
8.49073678255131E-12
1
0.999983639953752
1
0.999999999997171
1
1
0.999999617312863
1
1
1
0.999999999999911
1
1
1
1
1
1
1
1
1
1
1
1
1
0.999999993478505
1
1
1
1
0.972333556462502
1
1
1
1
1
1
1
1
0
1
1
1
1
1
1
1
1
1
1
1
1
1
1
1
1
1
1
1
1
1
1
0.999999575997499
1
0.99999999997552
1
0.414967093491171
1
1
1
1
1
1
1
0
1
1
1
1
1
1
0.000120119217180982
1
1
0.999999820844228
5.90993636750788E-17
5.90993636750788E-17
5.90993636750788E-17
5.90993636750788E-17
1
1
1
1
1
1
1
1
1
1
1
1
1
1
1
1
1
1
0.999999999982851
0.999999999999978
1
1
1
1
1
1
0.999999999970185
1
1
1
1
1
0.999996549551655
1
1
1
1
1
1
1
1
0
1
1
1
0.999344095882205
1
1
1
1
1
1
1
1
1
1
0.999999999999998
0.999999999999998
0.999999999999998
1
1
1
1
0
1
1
1
1
1
1
1
1
1
1
1
1
1
0.991012186652299
1
1
1
0.999685317952187
0.999999999879575
0.999999999994523
3.90209711141447E-07
0.826521716286804
1.60253105402613E-06
0.999999999999651
0
2.29228247036462E-06
1.8208061876129E-05
0.999999235413541
0.00991146813845432
1
1
1
1
1.92210965839019E-07
0.999999999999921
1
1
7.37865709719497E-19
5.751423047004E-06
1
1
2.74136316078128E-14
1
1
1
0.999999998006945
4.01719421959771E-13
1
1
0.999960549223786
0.999999999999142
1
0.979037797057794
1
1
6.41849141370346E-11
0.999999999999884
0
0.999999999997162
0.969552687537049
0.00065277144992303
1
0.999999999999884
0.999999999621781
0.999983337030614
1
1
0.999594006418834
1
1
1
1
1
1
0.981250897364247
0.981250897364247
0
0.999719281325441
0.0248391821888882
0.00698602117933712
0.981250897364247
0.981250897364247
0.999999992204993
0.99999997952524
0.999963531375923
1
0.979633598831274
0.974553792545759
0.971123553929099
0.971123553929099
0.999999999999683
1
1
1
1
0.99999828685116
1
1
1
1
1
1
0.648769118011698
1
1
1
1.40167645470865E-09
1
1
1
1
1
1
1
1
1
1
0.875897699260622
1
1
1
1
0.999988905686277
0.999988905686277
0.87905564956187
0.977199290726934
0.961276809673564
0.999999971592751
0.999623165530728
1
1
1
1
1
1
1
1
0.999999999999828
1
1
1
1
1
1
1
1
1
1
1
1
0
1
0.999999936757681
0.999999954041629
0.999999965095633
0.999999998337335
0.999999957760923
0.999999984619262
0.999999954041629
0.8873459028804
0.911725094538474
0.999121340199207
0.999507682749164
0.999320947890377
1
0.999999997407405
1
1
1
0
0.999603039689012
0.999273012185571
0.942922701072684
1
0.999964667975946
0.999822987372645
2.18735001512933E-20
1
1
9.83224159415612E-21
0.999999999999636
1
1
2.75906031902749E-20
1
1
1
1
1
1
1
1
1
1
1
0
1
1
1
1
1
0.704742672757909
0.999999999999672
0.999999999961424
1
1
1
0.999999999961424
1
1
0.999999999959681
0.999948104108377
0.999999999999418
1
0.999999460073516
0.999999999764978
0.999999999933357
0.999999999949473
1
1
0.999999999933357
0.999999999908427
0.00115915792062384
0.999999999946959
0.999999999986756
0.999999999998831
0.99999999999532
0.999999999993603
0.999999999913834
0.999999999908427
1
1
0.00248963536299641
0.99993451148891
0.999983120697257
1
0.999527059640438
5.19222749460549E-13
0.999571959025938
0.994394964135584
0.946470486564803
0.999489001983397
1
0
1
1
0
0.999999887236571
0.181108508094801
1
0.136400781395543
1
1
1
1
1
1
0.999999928924536
1
1
0.999999999999911
0.00863409155374892
1
0.999997367514462
1.83491664024574E-27
1
0.999999174425248
0.999999999988185
0.996561025078636
0.999984568190466
0.999999995424258
1
1
1
1
1
1
8.05346050168714E-30
8.05346050168714E-30
1
8.05346050168714E-30
8.05346050168714E-30
1
1
1
0.999999973724965
0.999999999966469
1
1
1
1
1
4.11625692020927E-15
1
8.73623851709305E-45
4.11625692020927E-15
2.38421283902515E-15
1
1
1
1.6157698452313E-14
0.933770876041769
1
0.998756536756073
0.999999999940068
2.09011920736475E-40
1
2.8392203166721E-22
0.999939624402707
1
0.999999999942121
1
1
0.999999999992311
0.999999997835246
0.999999997835246
1
0.999999999986596
0.999999999998805
1
0.999999999999704
0.999999999999704
0
0.999999999582501
0.999999999582501
1
0.999999999582501
1
1
1
1
1
0.999999707878523
1
0.999999999582501
1
1
1
1
1
1
1
1
1
1
1
1
1
0.999999999999367
1
1
0.0492124622854214
1
0.999999999999973
0.000440388205620377
0.0492124622854214
0.999215348686891
0.000624733498310723
0.999999985215331
0.742183208577589
1
1
1
1
0.721974045124554
1
0.999999999937844
1
1
1.0186575425193E-07
1.0186575425193E-07
1
0.997715793805523
0.892066547979274
0.999999970094734
0.123608946915595
1
1
1
1
1
1
1
1
0.9999999851024
0.0105946500372357
0.156818481225008
1
0.00053338063120196
0.999999413222317
1
9.54349131800543E-10
1.16642671639774E-09
1
1
1
1
0.999999999838519
1
0.999999999965268
0.998883216640252
1
1
5.69928742899974E-05
0.999999998184955
0.999999999833095
0.908598245276255
0.999999998742807
0.99999999999998
0.99999999999998
1
1
7.57821816456736E-16
1
1
0.9999999851024
0.999999999124012
0.999999999999987
0.992856223483521
1
0.9999999989763
0.00022627241111157
0.996695371360564
3.77727312850858E-06
0.999947209421216
1
1
5.74809314698869E-05
0.999967290895066
1
1
3.77727312850858E-06
1
1
4.56915288834563E-06
0.395967189291634
0.999967290895066
0.9999999851024
0.00613245521059181
0.999999996280256
0.999999999970868
1
0.999998921641554
0.999999999999995
0
0.999871628875701
0.950441442968194
0.999887889114335
0.999999998348749
1
0.999999999860115
0.999999941819747
0.99999992818137
0.99999999902284
0.999999941819747
0.999999941819747
0.980629990689295
0.999999983566326
1
0
0.99999992818137
1
0.999982089468443
0.73839877046057
0.438071913326571
0.999999999999996
0.999999999999996
0.997019357695487
1
0.999769529589414
1
0.999999999999992
0.999999999999992
0.999999999999992
0.996695371360564
1
1
1
1
1
0.266121638111659
1
0.0039153970905117
1
1
1
0.676896647357502
1
0.356678413898403
0.027404946107952
1
7.24437053025843E-05
1
2.71094748643726E-06
1
1
6.53778020014393E-50
1
1
7.91942416735532E-05
1
1
1
1
2.53298840172692E-06
1
0.999999949172042
7.35268880966074E-06
8.62363499259796E-51
4.92634039051262E-50
1.7892477761487E-49
9.09306390133385E-50
1
2.14450197514311E-50
5.53270369316936E-50
1.19431800489954E-49
3.50932096298409E-12
0.999999999112018
0.952193975911815
1
0.999999999999963
1
0.999601179244818
1
7.08785405428561E-12
0.999999999999979
0.838483631336814
4.05104173544587E-17
2.34643898675447E-17
3.09726941356065E-17
1
4.08856819407393E-17
1
1
1
0.964449123093629
0.999999999999977
0.999999999997254
0.999999999997254
1
0.99739617323309
1
0.999999999998443
1
1
0.119156011850696
0.119156011850696
1
0.999791589998941
0.999998485145041
0.999999939832104
0.999999861710487
0.999999999934245
1
0.118648236602928
1
1
1
1
1
1
1
1
1
1
3.74844683765957E-05
0.0137772965674904
1
0.0137772965674904
1
0.0136914287038103
1
1
1
1
0.999999962150271
1
1
1
1
1
0
1
0.602344636655052
1
0.999925395060734
0.999999999999996
0.999999907739251
1
0.976428696232094
1
0.999999840715177
1
1
1
1
0.00371822281751312
1
0.999999787769525
0.999996983149496
0.978802223347084
0.991554741158111
0.991554741158111
1
1
0.999999999999993
1
0.758214437430003
1.1793876321186E-13
6.26065591107479E-11
0.999999730683686
1
7.20479175742413E-10
1
1
0.777558570190918
0.96482197983512
1
1
1
0.999869648202562
0.99999996592783
1
0.00851786817443233
0.992203230971462
0.898700370023945
0.852376648155192
0.664727819897252
0.923790304807613
0.999999999989385
0.996019400487443
0.999999930582504
0.999999301801216
1
0.999999301801216
0.999999301801216
0.999998908622616
0.999999994532975
0.99999946112486
0.999999999555371
0.999999999343533
0.99992950459196
0.999952748994736
0.999999597777126
0.999999246728466
0.999963433509378
0.999998994137125
1
0.999952748994736
0.999918425654744
0.999918425654744
0.9962436339415
0.999943640080952
1
1.061632504609E-24
1
1
0.999999889055751
0.998931545572824
0.999999992429674
0.999999992429674
0.999999998067563
0
0.999999986404536
1
1
0.999997584276075
0.365840068806211
1
1
1
0.653693141730241
1
1
0.0507770448356527
1
1
9.11782869756401E-10
1
0.999999999999615
1
1
1
1
1
1
1
1
1
1.37625377214237E-17
0.999999999999952
0.999999423328955
1
1
1
1
1.22685890284558E-15
1.22685890284558E-15
1
9.66990160604226E-16
1
1
1
0.835197173542194
1
0.769615330957525
1
1
1
0
1
1
1
6.16741498946017E-08
1.21323127542692E-10
1.7478936266815E-11
1
0.999999999998206
0.999999999980082
1
1
1
3.72974567971065E-06
0.999942685253746
0.999996431338062
1
1
1
0.296832448117393
1
1
1
0.999999999924886
0.0141066778828969
0.999999999967152
1
1
0.769615330957525
1
1
0.999985407109561
3.36827356826751E-16
0.0028481893368403
1
1.18435745392135E-11
0.998958170471383
1
8.36721754586737E-12
0.00901943505781511
1.60320606559639E-05
1
1.08893524911996E-09
0.00089896828809227
1.08893524911996E-09
3.22312905281505E-09
0
1.78089739031655E-09
0.0823590960198392
0.04941646155896
0.501133108494787
0.0244810251972259
1
1
1
1
0.999999995268972
1
3.35753627587169E-19
0.99999999988538
0.999999999861834
0.149516917483468
1.15652287100487E-20
0.374082492142729
0.00203871276034452
1
0.840690266442463
0.999899773464287
1
1
0.999993884809154
0.0192384930645667
0
0
3.10036121078594E-25
0.00221455005447925
6.83335003796495E-23
6.83335003796495E-23
1
1
0.0147996136591589
1
0.00234601449178563
1
1
0.999999880921744
0.115764323458943
1
3.17338927400343E-08
0.999999999954003
0.999999999987167
1
1
1
4.64374443573709E-07
0.000110820229712018
0.0131366972163207
0.0131366972163207
2.98976664771352E-05
1
1
0.99999999999408
0
0.00141034004939431
0.999999999982587
0.999999999994978
0
0.000214916197526808
1
1
0.999999999981454
0.999999999987992
0.999999999970105
0
0.000112122122596743
4.09208683182569E-05
0.000112122122596743
1
0.136732091524407
0.000468796532046797
0.0125583021773562
1
0.000116737923986022
1
0
6.08060330661317E-05
1
1.49748898169139E-13
1
2.14782302904389E-12
0
4.41921476282209E-06
1
1
0.361021919181469
1.90014634238981E-18
1.90014634238981E-18
3.30566696163176E-18
0.999999991390547
6.47137341887041E-29
3.60584134622604E-14
0
0.999663047220425
0
3.36035657327704E-17
3.06428193610068E-18
1.73950162832312E-12
9.38130829411783E-06
0.999999999874695
0.0044750965535198
0.0044750965535198
0.00432138465393057
4.15602884410871E-10
1
2.69395005852337E-14
0.000260676361030634
2.27811805910709E-13
1
1.92544404713602E-14
0.999999999874695
3.60584134622604E-14
1
0
0.999957351606045
0
0
0
1
0.999999225452634
3.32999789220677E-14
0.00120630428862474
1
0.999999999874695
0.008659672041286
1
1
1
0
0.999998702646848
0.999999936852867
0.999998722445016
0.999999074053711
0.999999999257399
1
7.46523729855404E-12
1
0.13839240965456
0.00174289922459882
0.00155540582936249
0.994727472501832
0.999999999788049
2.70092121861465E-24
0
3.68504685708315E-31
1.26193607428946E-31
3.94185077027306E-20
1.70396116200744E-25
1.08847653166122E-20
1
6.81245957300385E-32
1.16407256369711E-25
1
4.98818148233371E-33
4.98818148233371E-33
4.98818148233371E-33
4.98818148233371E-33
0.957226053776322
0.930276918525648
1
4.84718205186548E-33
0.999168887396079
1
2.1115929583445E-05
1
6.50574607226713E-15
3.22274068954125E-30
4.01355054226844E-23
4.01355054226844E-23
4.01355054226844E-23
5.2661272258784E-29
4.0797075217844E-20
0.999994551913546
4.26258888815058E-25
1
0.542733882937652
7.25038418602524E-26
0
0.0141768558729203
0.0796104180875395
3.94067984873305E-26
2.28487082467874E-26
1.00934369613101E-23
1.49636892725409E-25
0
8.78235531478983E-36
1.92239404808325E-10
0
0
3.34874918642987E-36
2.95462812742173E-16
4.11790884692765E-28
0
0
0
0
0
0
0
0
0
0
0
0
0
0
0
0
0.280033175710114
1.01854073286776E-22
0
0.99999999998428
0.996568067760053
9.05785584770917E-15
0
7.15154919292136E-15
0.99999495499301
4.78785914816309E-17
0.999968655219631
3.5571552597918E-05
0.194974828522432
0.281070890133923
0.540262480873575
0.932161114873812
1.65722552345736E-07
6.02245540585627E-20
1.42665518219016E-26
7.19913361552534E-07
7.19913361552534E-07
8.86111857020157E-26
7.57821816456736E-16
0.999999999957088
0.999999729781642
0
0
0
3.37263479912461E-15
0.125221215583372
1
0.172661279148557
0.998435707803911
0.0360086607199159
0.999999999999916
0.00147822495562966
5.12394591274392E-06
5.12394591274392E-06
6.85620946300159E-27
0.0805328985048338
5.5954166227792E-13
6.61395308884554E-13
0
0.54939996836415
0
0.00941014356655651
0.00225070719521437
0.0155517653948218
0.748344617993033
0.779509689961561
0.563265464763261
0.985071520262614
0.999243090098722
0.582507661701758
1
2.92283015007531E-13
0.12995338541677
1.91610678632627E-11
0.141222235222787
1.50012465983656E-12
0.999164710858188
0.999999999999999
0
0.99999999942888
1
0.00113094260393151
1.95396281390613E-45
2.58183920247718E-40
4.00061459664033E-40
0.999999965012128
4.77861772316274E-40
1.89318215429166E-39
1
1.95396281390613E-45
1.95396281390613E-45
3.92375850242979E-45
1.95396281390613E-45
0.96175133832845
0.860367670520996
3.6102908062433E-05
3.6102908062433E-05
1
0.999999999999995
1
2.11906063831471E-21
2.09714274389477E-05
1.8426554567034E-05
0.99999999905295
1.52072651220468E-21
0.999999995571831
0.999999999985221
0.936106954036442
0.517451566056286
0.339441814590747
0.999999990364506
0.947077076313889
0.999999999998895
0.999999912869647
0.999999999999788
0
1
0.999997324168693
1.03624887214265E-11
5.113008626873E-09
0.000364439948172061
3.42773924662311E-14
1.03624887214265E-11
1
